Running for 10000.0 seconds (10000 samples at 1.0 second intervals).
Power measurements will start in 0 seconds time.

  Time    User  Nice   Sys  Idle    IO  Run Ctxt/s  IRQ/s Fork Exec Exit  Watts
10:46:44  65.9   0.0  12.3  21.8   0.0    7  10005   2325   52   52   52  55.58 
10:46:45  66.0   0.0  12.2  21.8   0.0    7  10071   2321   52   52   52  55.43 
10:46:46  67.3   0.0  10.8  21.9   0.0    7  10091   2440   52   52   52  55.50 
10:46:47  65.5   0.0  12.7  20.7   1.1    7  10125   2484   52   52   52  55.51 
10:46:48  65.7   0.0  12.3  21.9   0.0    7  10080   2381   52   52   52  55.34 
10:46:49  66.0   0.0  12.1  21.9   0.0    7  10157   2409   52   52   52  55.30 
10:46:50  67.4   0.0  10.7  21.9   0.0    7  10060   2365   52   52   52  55.23 
10:46:51  66.3   0.0  11.9  21.5   0.3    7  10090   2321   53   52   52  55.42 
10:46:52  66.2   0.0  12.0  21.2   0.6    7  10165   2461   54   55   53  55.42 
10:46:53  66.7   0.0  11.4  21.7   0.1    7  10132   2398   54   54   54  55.42 
10:46:54  65.6   0.0  12.6  21.9   0.0    7  10106   2347   54   54   54  55.59 
10:46:55  65.8   0.0  12.5  21.7   0.0    7  10092   2415   54   54   54  55.68 
10:46:56  65.6   0.0  12.7  21.7   0.0    7  10118   2412   54   54   54  55.34 
10:46:57  65.3   0.0  13.1  21.7   0.0    7  10129   2479   54   54   54  55.27 
10:46:58  66.0   0.0  12.2  21.6   0.1    7  10045   2386   54   54   54  55.44 
10:46:59  67.9   0.0  10.4  21.7   0.0    7   9992   2356   54   54   54  55.39 
10:47:00  65.3   0.0  13.0  21.7   0.0    7  10155   2385   54   54   56  55.53 
10:47:01  69.0   0.0   9.4  21.7   0.0    7  10103   2349   52   52   52  55.44 
10:47:02  66.3   0.0  11.7  22.0   0.0    7  10169   2454   52   52   52  55.45 
10:47:03  66.5   0.0  12.0  21.0   0.5    7  10180   2493   52   52   52  55.62 
-------- ----- ----- ----- ----- ----- ---- ------ ------ ---- ---- ---- ------ 
 Average  66.3   0.0  11.9  21.6   0.1  7.0 10103.2 2399.1 53.0 53.0 53.0  55.45 
 GeoMean  66.3   0.0  11.9  21.6   0.0  7.0 10103.1 2398.4 52.9 52.9 52.9  55.45 
  StdDev   0.9   0.0   0.9   0.3   0.3  0.0   50.6   53.9  1.0  1.1  1.2   0.12 
-------- ----- ----- ----- ----- ----- ---- ------ ------ ---- ---- ---- ------ 
 Minimum  65.3   0.0   9.4  20.7   0.0  7.0 9992.0 2321.0 52.0 52.0 52.0  55.23 
 Maximum  69.0   0.0  13.1  22.0   1.1  7.0 10180.0 2493.0 54.0 55.0 56.0  55.68 
-------- ----- ----- ----- ----- ----- ---- ------ ------ ---- ---- ---- ------ 
Summary:
CPU:  55.45 Watts on average with standard deviation 0.12  
Note: power read from RAPL domains: uncore, package-0, core.
These readings do not cover all the hardware in this device.
